9.319222945125750224e-01 -7.528213479203849090e-02 3.426117892629642475e-02 2.688341893404740807e-02 2.198997211946433772e-02 1.617154319777541066e-02 3.702967504233320439e-02 5.218273003565154777e-02 -1.316411911210347598e-02 -1.822115259815239030e-01 6.792321279452111227e-02 1.342274483027634802e-01 1.296227323548567074e-02 1.448540346393542046e-02 5.848329311796764129e-02 9.805045478840273068e-04 -6.373293201728401358e-02 -4.271008748839446451e-02 5.071770273577313332e-02 4.197815686263087209e-02 1.132328511380553543e-01 3.545019110924904626e-02 -1.634943571832320891e-02 -2.352124425566460252e-03 -3.204665984570671811e-02 4.584089677856389294e-02 4.894525803591087687e-02 5.327967506165533218e-02 1.475318198676030951e-02 2.222954244027888077e-02 -9.455083270292802267e-02 1.594907743913059617e-01 -1.281248478298339412e-02 2.063335301042089620e-01 2.480670962822649137e-02 -4.550873801110520978e-01 2.883253439550987826e-02 2.828051319308073075e-01 -2.351476271496037024e-02 -9.389781058414450182e-03 1.650416606603073016e-02 4.975972085435068082e-02 4.822887615577949733e-02 -7.542225644278480190e-02 -1.959535627134387920e-05 -5.335643138769805699e-02 2.512342892343132419e-02 1.256937048240023766e-02 -4.489471367801247878e-03 -3.844274780375697698e-02 -2.510650656046689577e-02 3.006134455186861704e-02 5.757646900829153924e-02 2.174151664948318075e-01 3.703764788919887418e-02 -4.905559489785713684e-02 -3.790807602787494290e-01 7.991747259399049896e-02 -7.559206895005693427e-03 -6.857438762869388742e-03 -1.331546948447822828e-02 3.650733882084170653e-03 -2.862929125886683190e-02 1.279655624296522146e-02 -4.852868339712376050e-03 1.433760209642233156e-02 1.125320757017015706e-02 9.794168356204587325e-03 2.824809148261701527e-02 1.830256222838156505e-03 -9.715530452793518824e-04 -1.453237000892403791e-02 6.120622712128480358e-03 -2.476697990719756159e-03 2.606305437320714530e-03 1.727389356350918226e-02 -1.565938813830024604e-02 2.486245493234796530e-03 -2.604326012270735333e-03 -5.053808732163326406e-03 -9.009544112318993922e-03 1.280351827390370859e-02 -7.413224530365901746e-03 -1.168237749113629773e-03 -2.318050711206532354e-03 2.239339485573260680e-02 -1.059102622392233371e-02 -3.933160413707239254e-03 -7.197503281344842449e-03 -4.211665917106624524e-02 -9.216274653545089568e-03 5.757240610496401102e-03 -3.572053067392729798e-03 1.912586290694841869e-03 1.414646035917859965e-02 6.156055205415897520e-03 1.227772555290606443e-02 -1.632384041298575849e-03 5.232072696443720774e-04 -2.071304421895066306e-02 -3.465446896984908289e-03 8.237161072446166910e-03 9.306141632156726684e-03 -1.223225035762516219e-02 -4.330435250742235669e-03 2.572261773144668244e-03
-7.528213479203849090e-02 1.007200578896155996e+00 3.288655027191716984e-02 9.768401708259923273e-04 -9.600657838049515488e-03 -1.502090331368396633e-02 -7.402396714326409111e-03 -5.456944146525234685e-04 7.207693317198240156e-03 4.451108555167190145e-02 -2.113274953047175261e-02 -3.982440591240601901e-02 -1.578185690633196470e-02 -3.076131554321178112e-03 -6.184204617651217067e-03 1.241347952040806890e-02 9.214718753026811260e-03 9.635119010168974318e-03 3.460857121203703146e-02 4.357917569273881547e-02 -3.561809597688920474e-03 1.563544819764120519e-02 3.531597392003531233e-03 -1.522873822850979476e-02 -5.389652846663215216e-03 -3.191166482615969378e-03 -3.350092464499078784e-03 -2.065472640461554071e-02 1.238465331208785450e-02 -2.790853472891315339e-03 -5.647789736875169671e-03 -1.731396747084721147e-02 -9.721514756165679227e-05 -2.210359802991755662e-02 4.636165479719801460e-03 3.385545554920538214e-02 3.088855633239316265e-02 -2.809145403052526815e-02 6.889222512584341693e-03 4.198148409981743504e-03 6.916631327196625170e-03 -1.300996902797536998e-02 -3.575232319092438993e-02 2.933649244070523493e-02 1.360124332883114705e-02 -5.383482766208954988e-03 6.951134791015133908e-03 -1.420934755666597091e-02 1.427737352233402618e-02 3.472209453195110318e-03 2.735993341415812220e-03 1.485483087807585537e-03 -5.730924435676772524e-03 -1.490350258092527393e-02 4.617855026513361522e-03 2.555034554895437710e-02 1.228742146519679231e-02 3.405747969607117887e-03 -2.165887836230949437e-02 -6.391525161361374940e-02 -5.123026936835281542e-02 1.160975344858891228e-01 6.615973537717318408e-03 -5.583433068944168576e-02 2.625923687444817276e-03 -2.871050142403610596e-03 -3.563421442072848156e-03 1.388848330717956832e-02 3.012109994098505564e-02 5.307312300359601134e-04 1.374571899785918404e-04 3.515540477270307634e-02 -2.279301586750946511e-03 -2.385895519774298111e-03 9.955641582869579741e-04 -1.227035095835733725e-02 3.092212965625788790e-02 7.100538839216616327e-03 -1.160604977348976379e-02 1.460635243163450718e-02 7.552290248075599691e-03 -5.799727072948409647e-04 -1.064817804337685192e-02 -2.299031778359533068e-03 -1.441950778241739804e-02 -2.204986952368607079e-03 1.360502409933955076e-02 2.878165686848680599e-04 5.837251629636368983e-03 1.367495012799363752e-01 3.185868759059692912e-02 2.371366490118841097e-03 2.596253922224922225e-02 -1.737746128121157516e-02 -3.160268072630483156e-03 -1.335933472549009036e-02 6.888538749492377489e-03 5.090858221469757652e-05 -1.343718610597373526e-02 -1.229145253170938271e-03 -1.164365807172194206e-03 7.808676559153474028e-03 -7.914904293089844445e-02 -1.117261473180995723e-02 4.983955291141102528e-03 5.467444256713217647e-03
3.426117892629642475e-02 3.288655027191716984e-02 9.512007417066541404e-01 7.926038616392265621e-04 1.484197257353201890e-02 1.822285295381337045e-01 -1.266315102441161952e-02 -4.311008177861662405e-02 4.786917111474083344e-03 -1.911714383572728562e-02 5.297532271173240048e-02 1.009300664985492008e-01 -2.231534717874690890e-02 6.607317499210976081e-03 -4.828888665005472841e-02 2.025264888049769021e-02 -4.785455503614250328e-04 1.021465936642798090e-02 1.659671781957872128e-02 2.704637839800921179e-02 3.686611693539677131e-02 2.615744203493933218e-02 -2.750206395862059630e-02 -1.354508046669224489e-02 -9.996627387474428528e-03 4.325770352798699592e-03 3.902894032474016339e-02 -3.042968885813248162e-02 2.352264835361889215e-03 1.690535938352661152e-02 -4.686335580002805312e-02 -1.990983752252761807e-01 -1.353591757207931595e-02 3.339783872484640148e-01 -3.390370172708580959e-02 -1.029669242239826810e-01 -8.991141470190715246e-02 -1.724567523856785911e-01 -2.459038664838496535e-01 1.349080990442451215e-02 2.286125450034888484e-01 -1.050839627101311791e-02 1.124846109872307265e-01 1.123272138029846740e-01 4.621211969974416134e-02 -1.192730133524862735e-01 -7.540849770617522041e-02 -6.781936196186090504e-02 5.609690543748363512e-02 -1.968292173767260261e-02 -1.943422747779243592e-02 1.373294856404315700e-01 -4.791392203296677282e-02 4.915883963332640660e-01 -1.276699195861676905e-01 -2.193815615620228060e-02 -5.343369494734333258e-02 -2.893485301100423013e-01 -3.449583387250275690e-01 -4.465968375413072004e-03 -2.718193067335360202e-03 -9.587473622998683720e-02 -8.598872538367720655e-03 8.499200327076242290e-02 7.037849995399711109e-03 1.115547730298771262e-03 2.754510119031475159e-03 -5.947549632962801855e-03 -7.669572030575685581e-03 -9.440348486093375069e-03 1.262057697850303174e-05 2.551328940900813268e-03 -7.722292950951415227e-03 -1.136987203984851300e-02 -1.210096554498718904e-02 8.757392472294185659e-03 5.521139280927514319e-03 -4.031564600778136942e-03 -9.788723279257831311e-03 -6.167431715025148593e-03 -5.755924152242346487e-04 -5.294217784543604061e-03 2.170065080127755314e-02 6.649410842579039221e-03 9.461740357465492053e-04 3.033553428805488110e-03 -2.059828414027099763e-02 -2.989670214320597121e-03 -7.536913170564620706e-03 4.591696200010696172e-02 8.165976283347657974e-04 -7.792886184501529243e-03 -4.277823122081875901e-03 -5.424227342554049577e-03 3.432719052991226732e-03 9.909493578313197798e-04 -1.202844805526939384e-02 -3.421571150602774163e-03 -5.035353308056845015e-03 1.924991509766048629e-03 -1.136452793921829442e-02 -1.380908637654284371e-02 -1.544589999959127685e-02 4.114080127634076045e-03 4.167731104901303829e-03 1.392665614520500854e-02
2.688341893404740807e-02 9.768401708259923273e-04 7.926038616392265621e-04 9.394770842324395854e-01 -6.379379504504510690e-02 2.650085493584211638e-02 -1.913705325785327455e-02 -1.413060455229273038e-02 -2.406545398057261366e-04 -2.258710022943323167e-02 6.690176130833658252e-02 2.550338739355942699e-02 -1.407976384906825876e-02 1.176482720940876621e-03 3.134560933562744681e-03 4.185051553397821128e-04 -3.597101351602114729e-03 -2.501599592250005298e-03 -1.638071295724319656e-03 -2.466855664455180983e-03 -3.250426011930785189e-03 7.289248444193797321e-05 -1.120040677476314729e-02 -1.185131481609374982e-02 9.226815113273978061e-04 2.547081586612442300e-02 -1.820093392939286722e-02 7.984589223982097028e-03 4.391719986107286630e-03 1.398574443850012228e-01 -2.078730082753913605e-02 7.562930582791434729e-03 -3.962152906432266954e-03 -1.173587237008357972e-02 3.576237893364639982e-03 4.482217688579720298e-03 3.688931719894601290e-03 1.224033026294514114e-03 -9.226504163932619171e-03 -1.358205415424133377e-03 -2.117334891264403482e-02 1.254280365358974997e-02 3.844747368513569408e-04 -3.862586798118889872e-03 -1.167730049438973211e-02 -4.991954823798043506e-03 -4.522728454114932888e-04 4.494589026498489043e-02 -1.503736043137963649e-02 8.186161801686676204e-03 -1.489749489449151976e-02 -1.270267829506649578e-02 3.114527408966757342e-03 -8.043247082182472529e-03 1.311656291606600605e-02 6.930072875664628710e-05 -2.342866346968629481e-03 3.089461895489951232e-03 -8.914181769451790666e-03 6.698373499261852000e-04 7.047304165463410229e-03 -2.122796270033855230e-03 1.057141572787773532e-03 -2.157535473989265727e-03 -1.929017082089110567e-03 1.435332959132647754e-03 -5.116140537918565517e-03 -4.833971656814797053e-04 -5.680716601372653649e-03 8.600912470029959886e-03 -7.810082955054701648e-05 1.228626991396681353e-03 -4.113736402756502410e-03 -6.041013296852079835e-03 -4.470318005149792953e-03 -6.151473466204320341e-04 -6.079628694442193969e-04 -2.466299148959196462e-03 -1.521892710050971095e-04 -3.744089438400306650e-04 -4.052278773023044317e-03 -1.327609857117764778e-03 8.223006641562863751e-04 1.256478749812584526e-03 -2.453210569027550712e-03 -5.337882210624242396e-03 -1.104959017786500764e-03 5.835064194128675857e-03 -1.521464553395005968e-03 2.220366193407038579e-04 -8.470260300288106736e-04 -3.808896739009413218e-04 -1.547727995372315431e-03 -2.082967900687229899e-03 -2.791062985712647326e-03 -1.501474160447103124e-03 -1.361661870452002699e-03 -8.532218113545408803e-04 6.271108885325300114e-03 4.175910747802187052e-03 -2.548102420928951423e-03 -2.024941936753255848e-03 -2.302233991488237316e-03 5.284868722692101983e-04 -4.500733456406961520e-03 1.517060282864280199e-02
2.198997211946433772e-02 -9.600657838049515488e-03 1.484197257353201890e-02 -6.379379504504510690e-02 9.715269949475469069e-01 2.133078854529171786e-02 5.407936042738890892e-04 1.039299640703452918e-02 -1.584105843024013159e-03 -1.317463865574151211e-02 7.431615164263179370e-03 1.347518246537992084e-02 -2.873453328003558113e-03 -2.186520053192438692e-03 -4.002314795277049815e-03 -2.900829859429261866e-03 -5.003603159638365591e-03 -9.413330646543614788e-03 -1.263095996070072230e-03 2.188486852816868677e-03 2.892110746729748601e-03 -9.652194974529093932e-03 4.128879026288279075e-03 -8.602413392072925935e-03 9.384160959698109941e-03 2.757327644651814610e-02 -9.042808158524576548e-03 1.874321939063071374e-02 2.348994223953091397e-03 2.619062953974120658e-02 -1.405116811942582616e-02 -2.681034283273642498e-03 -6.684518096824543579e-03 1.300262993697678948e-02 -1.860473846079083822e-03 -1.249017368487564256e-02 -4.836236974384316989e-03 8.925379457278174306e-03 -1.211356847959520720e-02 6.125360868258735575e-03 1.102702677906442462e-03 1.516931529735553348e-02 -1.683656593781839624e-03 -7.204829501614390050e-03 -3.136083064442548099e-03 -1.707375260934673386e-02 -4.602777108516730928e-03 2.090730466261789267e-02 -5.289360598131884195e-03 5.714019279863014576e-03 -1.411187463189409515e-03 -2.228904126021459195e-03 -4.092966031516580977e-03 1.670959361105822313e-02 1.313107740417782977e-02 -2.693663007650378815e-03 -1.722628628990393804e-02 -1.952723689298434956e-02 -5.877625497142144328e-03 -1.111591307268798741e-02 4.524035808362426511e-03 -9.390700275198799601e-03 -2.516859865101472860e-03 9.355765838911730276e-03 5.485746638818447471e-03 3.563695416562959010e-03 1.222740063502322783e-02 -2.633728744805867265e-03 -3.807843364062319345e-03 -3.481032888658177650e-03 -4.887746661644183990e-03 -4.752204124414870223e-03 -1.413085893699592317e-03 -9.406350311866271477e-03 -1.200373453987895259e-03 1.647313057117563706e-02 -3.948226677797908937e-03 1.384178729568298800e-03 4.026137999226433312e-02 -2.464542726252560382e-03 1.110990927054448466e-03 2.860375388624848084e-03 -8.035683599921447651e-06 -5.125067635176473561e-04 6.446710350476716686e-05 -8.829357425214933927e-03 -9.810426703650645258e-03 -7.916968329229404078e-03 -4.417531160623325986e-03 -1.196239956655602982e-02 3.704636511357634922e-03 -2.507202060103784404e-03 -9.196955615508369680e-05 -7.649295996888028689e-04 -4.558233003117839396e-03 -5.108826942455313783e-03 -1.043730734956162861e-03 -3.092447704183396394e-03 9.580472739151442776e-03 6.740225999578353111e-03 -4.155780226469061797e-03 1.076053997378257840e-02 2.041318087997906136e-03 4.213794463937785631e-03 -5.611556771334914526e-03 1.267448824108259771e-02
1.617154319777541066e-02 -1.502090331368396633e-02 1.822285295381337045e-01 2.650085493584211638e-02 2.133078854529171786e-02 9.354948487236726118e-01 4.574828199561571662e-04 2.759867940376570933e-03 -1.782292489155295253e-03 -5.967811042288434856e-03 9.758744516978232197e-02 8.713813703645170716e-02 -2.593462166262932439e-02 -5.515340889424920519e-03 -1.468133697333788290e-01 -3.111739829857078365e-02 -7.833022349918085381e-02 -3.215048141306076773e-02 -6.240080018987734407e-03 -3.504438506955119504e-04 7.421031618831926482e-04 -1.020214483589819074e-02 -5.892674906638906834e-04 1.640535929331070689e-02 3.570734374363881969e-02 3.015049066732743144e-02 3.806115506150747896e-02 2.245049950864562438e-02 -8.543498731886329384e-03 4.292157009250679306e-02 -5.411296467242913272e-02 5.358376181940723709e-02 -4.147315905015432763e-04 1.134484688526530699e-01 3.551386914265018419e-03 -1.255947855534447211e-01 2.194513550009472794e-03 -9.564670035265335213e-02 -6.345437557253881533e-02 1.523638224060181335e-03 6.114007742678047308e-02 8.956089001163913821e-02 1.050920025027862470e-01 -1.978257158136241187e-02 2.265668967547613752e-02 -1.230990060758114096e-01 -2.610504612460913879e-02 1.498896268071990383e-02 2.322535849405377509e-02 2.958128279010360795e-03 -1.901052865634901903e-02 8.374635749001012319e-02 -1.466772541282508890e-01 1.557315846348726607e-01 5.183377810059353052e-02 -2.879804371884086070e-02 -2.001120459784360428e-01 -7.499548478865443804e-03 -9.070211629114569019e-02 3.764939140251487640e-03 -5.726330423986332983e-03 -3.473083712151082969e-02 -1.516356303056571111e-03 3.122164186168724029e-02 -2.163097029089273635e-03 -4.175705126855263315e-03 -1.236107961307674093e-02 1.187861707969476571e-03 -8.951374823613975421e-03 1.369021990861688833e-02 -2.106969552009583212e-03 -1.396888348647124141e-02 2.077722210527641489e-03 8.725192878691756179e-03 5.157506190933718558e-03 6.744238458235457014e-03 -7.259060284546450109e-04 -8.153080115854898641e-03 6.987252361606131760e-04 -6.175798238893095982e-03 6.085084561666146905e-04 -4.788030888010292446e-03 -2.282185944632774723e-03 5.554092102149254390e-03 3.509929926639687031e-03 4.006998758637304349e-03 -3.567003092110433444e-03 4.079573480302229813e-03 7.733778444017124030e-04 1.503500326513853257e-02 -9.167642535188614064e-03 5.048993459729368173e-03 -1.093787786013692212e-02 -7.369716177476243885e-03 -4.782984184938002953e-03 3.357106476413507928e-03 -5.784705743490284324e-03 -1.719402061246134115e-03 1.072719430190061454e-02 -9.784291938379898607e-03 1.003760257877807371e-02 -4.992274004066525432e-03 -4.070860643974475238e-03 -9.568357685390386363e-03 7.093343882816913540e-03 1.152928144834740321e-02
3.702967504233320439e-02 -7.402396714326409111e-03 -1.266315102441161952e-02 -1.913705325785327455e-02 5.407936042738890892e-04 4.574828199561571662e-04 1.020657088700261728e+00 -4.898526464275801406e-02 -1.701371243996952767e-03 -2.647519303697957738e-01 -4.211654002922775308e-02 -5.335848145233131751e-02 -3.645015805599218645e-02 -2.348379913696156760e-03 -3.795764569998217458e-02 -1.924580655535277143e-02 -2.187083739336691257e-02 -8.963514533305808052e-03 -1.112914500276356890e-02 -1.327025738368154024e-02 -1.862941531340199519e-02 -1.490708105737164647e-02 2.318961998188984880e-02 -3.837651385264948499e-03 1.742297579515575748e-02 -5.060247140066278376e-03 -8.742834999458409806e-03 3.136410442858399757e-03 -4.964370532160083428e-03 8.692289398901202613e-03 1.951313963171437404e-02 2.861120816085374954e-02 1.706535815284782043e-02 -1.507711094418458936e-02 1.781245981562901582e-03 -9.584294882206554483e-03 -2.022200341711705845e-03 1.094393364238358674e-02 1.300577131026657285e-01 1.011120518307268429e-01 -3.026823891741864392e-02 1.818260934117961816e-02 -2.163794298085586904e-02 -1.027578185977146875e-02 -3.180058295972684052e-02 -2.762237718562529643e-02 -9.082947791827618300e-03 1.918606045363936002e-02 1.385306416530670236e-02 -5.796711946397223314e-02 3.649730589501364031e-02 -1.940255645158734527e-02 -3.799869047012448264e-02 -7.727641427349860731e-03 2.500256520785578210e-02 -2.447843151587890571e-03 -3.166712067206958747e-02 2.415720317342837445e-02 -1.245896538905681347e-02 2.169374734712385330e-02 1.174083095662654258e-02 5.253767257390011547e-02 -8.200780635579585018e-04 -5.553894579759729999e-02 3.329559603989463643e-03 -5.259176835571066286e-03 -4.480188614344030908e-03 -1.109893123776595127e-03 -5.873452530063045032e-03 -6.903640755221540637e-03 -4.505269210594745749e-03 -2.173176743338487739e-03 5.208286023959382560e-03 3.916229052225200964e-04 3.739215894003377998e-03 -5.256009181001082033e-03 -2.356549135601620527e-03 -5.234675383397618606e-03 -1.075942508883957413e-03 -2.646983560166156838e-03 -4.544484210356627626e-03 -3.475245682823379506e-03 -3.752814544420320607e-03 4.164842134702095161e-03 -4.800172127966209797e-03 -5.259596184965042477e-03 -8.919130333383833500e-03 5.629283918860126558e-03 5.272890196938981311e-03 -2.005854492043235293e-02 -5.390195978168484982e-03 -2.692800804151607684e-03 -5.086879656189180997e-03 1.188403391305817292e-02 -2.736989791071815694e-03 -4.876895699580518530e-03 1.387409539261077671e-02 -2.595187129068129549e-03 -4.403058287749458434e-03 -8.741472076796038410e-03 -3.551980751948953345e-03 -4.152963890239763818e-03 1.544833669432731441e-02 -2.618949678834494015e-03 -4.292194332786109477e-03 4.223268616174715925e-04
5.218273003565154777e-02 -5.456944146525234685e-04 -4.311008177861662405e-02 -1.413060455229273038e-02 1.039299640703452918e-02 2.759867940376570933e-03 -4.898526464275801406e-02 1.002002450450249826e+00 -2.903204767020037269e-03 -3.949610995791320023e-01 -5.400703244433120720e-02 -7.706791315973592071e-02 -5.303122920550609742e-02 -4.007254609639505569e-03 -6.068098690380692439e-02 -1.825699569074247519e-02 -2.305181725007770382e-02 -6.863935236060931915e-03 -1.261268815999415198e-02 -1.290645098592210077e-02 -1.013166972300109242e-02 -7.841927778162532947e-03 1.479701630123822498e-02 -3.290527376158881075e-04 3.755464314691709521e-02 -3.172754021149608826e-03 -4.279422625123820156e-02 1.198111188853888259e-01 5.048449283155547612e-03 -1.462583672657123864e-02 -2.127264812453696918e-02 3.346991271970679860e-02 -6.830698751086528540e-03 2.053421992592195221e-03 -1.830432877634284800e-03 -3.170785579071297433e-02 -1.225218235197186520e-03 1.744633089232432155e-02 1.956081947280155497e-02 -4.422454371072674466e-03 -4.362919293208389337e-02 -2.398542482210145460e-02 -2.198494197240205561e-02 -2.161187926281919053e-02 -5.765264223419106632e-02 2.475682929970636622e-04 -1.549906137231498067e-02 1.576528610143628772e-01 2.252350392569254511e-01 -9.121518229071634565e-02 -1.619292788717943340e-02 4.478616424109450184e-03 -6.075786790017570493e-02 -1.077987439907747078e-02 2.601267388704672605e-03 -9.919486439803212874e-03 -3.244104325186484422e-02 3.600143456731517977e-02 3.086620541628281103e-02 1.960114837659865383e-02 -1.770481923945953218e-02 4.114276877253258968e-02 -7.408046112272723832e-03 -2.920952409442711256e-02 -7.043504050052722294e-03 -7.740353116851202489e-03 -3.986863429186160782e-03 -9.896922114832168785e-03 -3.522869995756359833e-03 -2.423563419317660995e-03 -2.526172176752656054e-03 -2.781917543645145898e-03 -4.102343433996507617e-03 5.762043348397060880e-03 3.338185900252331473e-04 -3.289861967524576776e-03 -1.902240648823225969e-03 5.880905324327608680e-03 -1.835978732950240043e-03 2.364150247606545702e-03 -9.661497984751461592e-04 -5.048363641882961869e-03 -1.016919009807392034e-02 -2.248604217593828340e-03 -7.137657990712286890e-03 -7.537643887550220939e-03 -2.007927705615213457e-03 -8.391446609622620068e-03 3.904142415644268338e-05 -1.922120161923875775e-02 -3.686581365684206413e-05 1.821734930031073188e-03 -3.763938269433626110e-03 -2.337107795391111208e-03 -1.577135479663989209e-03 -4.090829660568811275e-03 1.088211865061089554e-03 -3.869242443537895381e-03 -1.284122008737049667e-02 -4.417402071540984035e-03 -5.359261194779606219e-03 -6.708216336245177019e-04 3.001890356541112720e-02 -2.187297695981619931e-03 4.283154023400391822e-04 -1.108369763057665339e-02
-1.316411911210347598e-02 7.207693317198240156e-03 4.786917111474083344e-03 -2.406545398057261366e-04 -1.584105843024013159e-03 -1.782292489155295253e-03 -1.701371243996952767e-03 -2.903204767020037269e-03 8.333218375338133921e-01 -1.855888020126519877e-02 -1.295063383409318994e-03 -3.264580717839624547e-03 -2.302358841854450309e-03 -2.592694432398863773e-04 -3.422494646828167300e-03 2.612654420598560512e-02 -2.812509664074712250e-03 -1.647025817159591607e-03 -1.136609566485723795e-03 -1.534905168134117343e-03 1.512964708126148319e-02 -1.968033690839581396e-03 -2.200577352754598537e-03 -2.473046623989074398e-03 -4.073037044635227644e-03 -4.560520226094062941e-04 -3.975972596853121106e-03 -1.628076485296717744e-03 -5.480840542041623235e-04 -5.600905615429802595e-04 -1.116912212072882112e-03 1.354624206422429950e-03 -2.344296522398386375e-04 -3.190537686610352142e-03 -1.674576648007020108e-03 4.745216643282037031e-03 -2.693687385905822653e-03 -2.542909277896525117e-03 -4.926918270235635701e-03 -2.454023145888896396e-04 -4.668667689665664464e-03 -3.075824938357696672e-03 -2.509675467783111565e-03 -3.050786260359133768e-03 -3.509281993957915052e-03 -5.038255502427279632e-03 -1.002789541516918136e-03 -3.306518288787992695e-03 -1.473555434587957074e-03 -4.053956235828816597e-03 -1.817037740866058034e-03 -2.877839173016986680e-03 4.779320035511985115e-02 -7.108734014830617003e-03 -2.766066538037851869e-03 -2.633537240959307225e-03 1.305500115242851783e-02 -5.093177586330178801e-03 9.317015050259686709e-03 -1.343408813305100495e-03 -2.062165542611635663e-03 1.170462315877637827e-02 -1.290546506151183954e-03 -8.068366190011935432e-03 -2.470050252366956110e-04 -6.704342054726770929e-04 -5.276267950992016538e-04 -6.060859618847723755e-04 -5.974402402508491349e-04 -7.147221364842634445e-04 -3.897482558863541347e-04 -8.791840257653625850e-04 -5.804887312725081402e-04 -2.891585706941251208e-04 -6.717950533274495402e-04 -3.395607724778662681e-04 -7.097507862206835954e-04 -4.667126616821510600e-04 -1.187878560916452052e-04 -2.922363412780625306e-04 -2.820224892225160047e-04 -2.180546103750838328e-04 -5.324933477745484025e-04 -3.559032023966000467e-04 -3.321086740064153626e-04 -5.222191405988980658e-04 -7.507577101661515881e-04 -4.214654814938612114e-04 -3.468438481238254011e-04 -2.116147844209196119e-03 -5.263191973406913414e-04 -2.972947269632637596e-04 -4.906268616949645972e-04 -8.255037918853169775e-04 -5.735979954395697663e-04 -4.501839125446775681e-04 -8.422664704955276724e-04 -1.814886102681446609e-04 -6.099486160951793443e-04 -4.275610102279216130e-04 -2.603284515903390626e-04 -3.658691333023418786e-04 4.319003067363495936e-03 -7.179415445736844759e-04 -2.229710452222325107e-04 -1.571999420787204265e-03
-1.822115259815239030e-01 4.451108555167190145e-02 -1.911714383572728562e-02 -2.258710022943323167e-02 -1.317463865574151211e-02 -5.967811042288434856e-03 -2.647519303697957738e-01 -3.949610995791320023e-01 -1.855888020126519877e-02 9.889635027269991774e-01 -2.727507965597600337e-01 -4.359076907835157666e-01 -3.017974342071828020e-01 -2.561657347806583357e-02 -3.713071929461785881e-01 1.205569553808915305e-02 3.471259272084224745e-02 1.539616286600488382e-02 1.632680776799474986e-02 1.981935693134054613e-02 -1.767472387983538146e-02 8.421008384233314228e-03 -6.002852136901004783e-03 1.118000958008362120e-02 -2.045631377773456799e-02 -5.502054202614610479e-02 5.503419979324272737e-02 -7.594010688856553393e-02 3.388155336387108606e-03 -5.913967972489461017e-02 -1.592071319570783489e-03 -6.660527352871626304e-03 -4.522587336367959315e-03 -5.853527390202889480e-02 3.954924442142120078e-03 7.947704509182365595e-02 1.168937319489026655e-02 -4.772031768840057087e-02 3.430550027195834045e-02 -2.692815986371997761e-02 7.077965385018880617e-02 -1.326643741553079972e-02 -1.002417569372232586e-01 9.608606055899485132e-02 1.373216929356455840e-01 8.707045961514159327e-02 3.909830476720219106e-02 -1.015502316278746320e-01 -1.190331630935268226e-01 8.511675657888595481e-02 3.749634155323452317e-02 4.705337282666942345e-02 -3.718264313637022478e-01 -5.253423312554360985e-02 1.696760310471499486e-02 2.804520058506930827e-02 4.590102311492263304e-02 3.623585278421279868e-03 -1.981942454946953452e-02 -2.012660328842056506e-02 -3.138001593065437543e-03 -8.538557330367683301e-03 1.720575379932760135e-02 9.833164609140533294e-03 8.265683413513675790e-03 -6.485225260282136833e-03 -7.699904551961001681e-03 5.384264201272883493e-03 5.723872485323798151e-03 1.290223723897497565e-02 1.054983951696484255e-02 1.442756673015927263e-02 2.615102875152305884e-03 -3.636409432175985272e-03 2.069207658414451423e-03 -6.508256187214433650e-03 2.260246405063909975e-02 3.939517536560800150e-03 4.631484082975435498e-03 -6.909457011391914247e-03 4.502507879985385986e-03 -2.402484300229824378e-03 4.478510185460539070e-03 -4.282907449729075888e-03 1.517700241424907275e-02 -6.171056106712159359e-03 1.917434013162552450e-02 1.591301445782391730e-03 5.777846058415893327e-03 4.341282579858828095e-02 8.194650208805010980e-03 4.763890679897565122e-03 1.123672249115263526e-02 1.247055062239309925e-02 9.464567033854240710e-03 1.737633805366124847e-03 3.408641713543399294e-03 2.542980682996930086e-03 -1.368274131412507491e-02 -1.465607332974795153e-02 -7.496627361411908712e-03 8.143123899327603214e-04 -3.832724392032507699e-02 1.290975795406885257e-02 4.691809882125933841e-03 -4.092500747680497160e-04
6.792321279452111227e-02 -2.113274953047175261e-02 5.297532271173240048e-02 6.690176130833658252e-02 7.431615164263179370e-03 9.758744516978232197e-02 -4.211654002922775308e-02 -5.400703244433120720e-02 -1.295063383409318994e-03 -2.727507965597600337e-01 9.692837870224061403e-01 -5.814648051694101122e-02 -3.923857995313367181e-02 -1.787558622076533587e-03 -3.402025912245354444e-02 -2.422485318804076717e-03 -1.177462429881976323e-02 -7.495262100455609908e-03 -6.457653332645653041e-03 -5.275476330030768636e-03 -7.888080978286720300e-04 -1.457549816448447302e-03 -2.158231796649011987e-03 -7.105584945274164357e-03 1.495100059901503971e-02 1.735546090585249335e-02 -1.055704559416615132e-02 -8.599938172459051927e-03 -3.778819302697455744e-03 5.578233767883484379e-02 -2.495575566076741782e-03 -6.746645469732484579e-03 -5.911774835805913043e-03 4.552263410370571695e-02 -9.122031591284284618e-03 -4.024829305255611667e-02 -4.055749924905849811e-03 2.601889994191765396e-03 -4.026338624229820751e-02 -2.535049664371438229e-03 -1.708288051989808459e-02 1.068692503015047923e-01 2.471610918878034899e-02 -2.475432899849714860e-02 -2.799260063594014025e-02 -2.734427751332627055e-02 -6.913830911449492418e-03 -1.704555251593105336e-02 -2.584820193888530404e-02 8.238387199660113236e-02 -3.180136807909011293e-02 -1.867657173074693810e-02 -3.404292301670162890e-02 5.519789356884527431e-02 -1.818615547560002016e-02 -1.252006904797799483e-02 -2.245647051950186088e-02 -1.531386130011309563e-02 -1.941711628279993093e-02 -1.058769234718046764e-02 1.227484811071561863e-02 -3.481177156749918483e-02 -2.372772233404542644e-03 2.661426250147021916e-02 -6.023174161942604354e-03 5.008796796152110639e-03 -5.525778634971579943e-03 -4.887572561267569497e-03 1.757938635359829541e-02 2.556640330991794084e-03 -4.147897281154386447e-03 -4.848015596897787063e-03 -4.802534406252586055e-03 -1.664838190703317802e-03 1.090464497438998603e-03 1.206002457166001351e-02 -5.938477474053671483e-03 3.454860598869641947e-05 -8.189945321023752627e-04 1.641579075959598288e-02 -4.925695936695987168e-03 5.703792298406603310e-03 1.052339517956285206e-02 -3.465779339450030146e-03 -4.974428716462414926e-03 1.139733231630693337e-03 -4.344271330928986714e-03 -1.120176269458186304e-03 -3.753188769883905075e-03 -7.323584761233070672e-03 -4.562029961773880586e-03 -2.049727672648130657e-03 -4.345868140777442781e-03 -1.098405378013973810e-02 -3.036647702099643572e-03 5.773348251232372774e-03 -8.218483819316628816e-03 -2.676476561430900583e-03 1.815018384375022276e-02 2.044277864827761734e-02 1.899152888378401530e-02 4.152361154729726674e-03 -1.327523048517109325e-02 -1.912343642692482942e-03 3.651700291393009459e-03 2.957739803005140361e-02
1.342274483027634802e-01 -3.982440591240601901e-02 1.009300664985492008e-01 2.550338739355942699e-02 1.347518246537992084e-02 8.713813703645170716e-02 -5.335848145233131751e-02 -7.706791315973592071e-02 -3.264580717839624547e-03 -4.359076907835157666e-01 -5.814648051694101122e-02 9.884828620155108325e-01 -5.830649125663589505e-02 -4.506056988715529191e-03 -6.764277770520021882e-02 -3.620076334262389752e-03 -1.873240143604559121e-02 -1.327686278770682897e-02 6.603887843203598866e-04 -5.856702439631439848e-03 3.727823577784920156e-02 -3.766259266961953945e-03 -6.706278238704099434e-03 3.101820349348050412e-04 -8.309482381119347866e-03 1.707023020503313157e-02 1.528326189808732957e-02 -1.188965662668436951e-02 -9.525603757950829378e-03 7.019381881041324156e-02 -2.232706671434036075e-02 -1.458878676082370554e-02 1.755134474465463220e-03 1.045921997900673694e-01 -3.205425767366954296e-03 -9.402614899064259957e-02 -1.641484609637745840e-02 1.549093641938349350e-03 -8.659524620689079688e-02 -4.925098463638989330e-03 6.808014024495842587e-02 1.818480813036213450e-02 2.413040544918251540e-01 -4.859941142016113713e-02 -5.451878530201354628e-02 -2.733698321671030468e-02 -1.742830456724365693e-02 1.203566927329324278e-02 -3.650828531862075621e-02 3.833575497006294630e-02 -3.060073315140939693e-02 6.590588112535139282e-05 -6.773021806841099390e-02 1.077475593095689604e-01 -2.929203291316745741e-02 -1.592551085471174271e-02 -6.888638228275194286e-02 -3.852236404319275831e-02 -2.585318450333171873e-03 1.121283219203480066e-03 -8.388112126545523711e-03 -5.636009774389279248e-02 -1.700256328208474971e-02 5.535303824244629939e-02 -2.392133119550993517e-03 4.344333358366734427e-03 -9.055204806891481439e-04 7.114786088587392310e-03 -3.482995123618460968e-03 -7.412787767196346925e-03 -3.749358510856710177e-03 -7.931822446758633391e-03 3.417265631234986216e-03 -9.323778074967845747e-04 -1.065207238129564637e-02 1.950210232571805008e-02 -1.315348190663223442e-02 -9.292842324026910281e-03 -2.064511893213641282e-03 -5.079015835867889753e-03 -7.235487576464447006e-03 1.368883942816111199e-02 -5.156959749832297837e-03 1.430403504300251788e-02 -3.277607727389248750e-03 1.794390902502407403e-02 -7.381151229873341574e-03 1.922447203247253100e-03 -7.094248437242388176e-03 -1.483025946341033630e-02 -1.889160575643525873e-03 -5.166929682879038699e-03 -1.036122784720985238e-03 -1.409787486866525934e-02 -7.162141838014421218e-04 -1.928357671421164227e-03 -6.205489174210856475e-03 -4.269996096144822867e-03 2.234760931614730023e-02 -9.672569712482429610e-03 4.283021009234433234e-03 -1.962948274794568994e-03 1.518457450778432950e-02 -7.548655711073961466e-03 -7.119170875999609842e-04 -1.474394423714416816e-03
1.296227323548567074e-02 -1.578185690633196470e-02 -2.231534717874690890e-02 -1.407976384906825876e-02 -2.873453328003558113e-03 -2.593462166262932439e-02 -3.645015805599218645e-02 -5.303122920550609742e-02 -2.302358841854450309e-03 -3.017974342071828020e-01 -3.923857995313367181e-02 -5.830649125663589505e-02 9.743584005934591286e-01 -3.177915036123958332e-03 -4.730017681570549554e-02 -2.048944654032838070e-02 -2.657224210038873491e-02 -8.845423319021203379e-03 -1.213432957959987082e-02 -1.304532993307639874e-02 -1.642163728001564890e-02 -1.725039439009398365e-02 -2.517023204906641311e-03 -5.344693912067844180e-03 2.212340473683628225e-02 9.519190511774969221e-02 -4.935167644801195797e-02 6.957218851377523772e-02 -2.518150632784519477e-03 6.020488004201256585e-03 1.334456314946027601e-02 1.839465731351615577e-02 1.209143921548558147e-03 -1.247214714549225827e-02 -2.718643600915417874e-03 2.393780302019562004e-03 4.266938347676070727e-03 -9.699995827616381128e-03 5.226101029303897860e-02 -3.440674084815294881e-03 -5.103997327594698985e-02 9.403023103303879277e-03 -2.227074096496399480e-02 -3.252883081281177091e-02 -4.151056433744169244e-02 -6.920118268171874740e-03 -1.229138274927825056e-02 1.161842788577999441e-01 9.748484039369173515e-02 -6.542101796192785479e-02 1.819108039130021282e-02 -1.471244201608193705e-02 -4.736252239863580904e-02 -1.100657312655325092e-02 2.022804284313493156e-02 -1.380162043811799556e-02 -1.562367562239582591e-02 1.628592038194839886e-02 -1.847192415672185145e-03 5.700119618074280144e-03 1.090183845938251517e-02 1.863100160564466062e-02 -1.011827545783899190e-02 -1.993069118741301257e-02 -5.244970018564444093e-03 -4.180407653011224654e-03 2.183599505049310316e-02 -3.642537457668952594e-03 -1.060842582151691645e-02 -9.091058179269350184e-03 -5.526961335344524225e-03 -1.185480458024838757e-02 -1.093775195104798158e-03 -6.034769451093678627e-04 -2.003386829796789670e-03 -5.838605306329642392e-03 -9.235925829163641257e-03 2.340392741095416538e-03 -1.456005417629043994e-03 4.968165692477798275e-03 8.976812731234523265e-03 -3.826259207209061364e-03 1.673604757245051103e-02 -2.656634384680365418e-03 -5.448660736696446169e-03 -2.696523144192368264e-03 -7.114307533865382727e-03 -6.844073265170978054e-04 -4.950312253512033529e-03 -2.399312228831463126e-02 -1.466086051929811271e-03 4.329314225385595509e-03 -6.508077752403808661e-03 -8.607186023881951281e-03 -8.828844384832156347e-03 -1.458868009857522668e-03 -2.668927901799103466e-04 5.388154941103292551e-03 -9.822922409482494344e-03 1.474041433301997127e-02 2.872895543129333484e-03 2.229651151870148430e-03 2.244692906484686834e-02 -5.397322218644382517e-03 -4.480451213017998952e-03 -4.551349087938562354e-03
1.448540346393542046e-02 -3.076131554321178112e-03 6.607317499210976081e-03 1.176482720940876621e-03 -2.186520053192438692e-03 -5.515340889424920519e-03 -2.348379913696156760e-03 -4.007254609639505569e-03 -2.592694432398863773e-04 -2.561657347806583357e-02 -1.787558622076533587e-03 -4.506056988715529191e-03 -3.177915036123958332e-03 7.936397294803271274e-01 -4.724023467363343276e-03 -3.548278955859866281e-03 -3.882069375211221612e-03 -2.273367649771807636e-03 -1.568846943349980639e-03 -2.118609021395723765e-03 8.994896616653818774e-03 -2.716450513284229817e-03 6.206934999982020688e-03 -3.413513092984929182e-03 -5.621958415662558876e-03 -6.294824914166123738e-04 8.590160216516800479e-03 -2.247212141102472322e-03 -7.565130705311698791e-04 -7.730854916104141225e-04 -1.541658949184721928e-03 -7.739815437055616240e-03 -3.235801054220945722e-04 5.507053976901882773e-03 1.229912744794601186e-02 -3.952228530053818883e-03 -3.718060577993658172e-03 5.975454492165467070e-03 -1.638602073067789086e-03 -3.387255241257558784e-04 -6.444099407939780054e-03 -4.245519917401315187e-03 5.396358890795146385e-02 3.955872404322176468e-03 -4.843814878839064128e-03 -1.486708322624565514e-03 -1.384136957334289970e-03 -4.563942855536585672e-03 -2.033928806845639297e-03 -5.595621431127641675e-03 -2.508032828303476906e-03 3.711466983950099420e-03 -4.732052248737016707e-03 3.607595143589591938e-03 -1.134566200919661337e-02 -3.635036139500336539e-03 8.928279106727042905e-03 3.712076646921710129e-03 -2.582191913218114150e-03 -1.854289170678501564e-03 6.635996044825983979e-03 -6.202504066527706264e-03 -1.781324036966789367e-03 2.889740131918959280e-03 -3.409377241416173621e-04 -9.253913436833476405e-04 -7.282761901090793353e-04 -8.365723259317594997e-04 -8.246387522936198021e-04 -9.865213809825358528e-04 -5.379642913034135077e-04 -1.213525921420677842e-03 -8.012408117611094418e-04 -3.991216976819451511e-04 -9.272697037289919517e-04 -4.686911809395804597e-04 -9.796594928769446816e-04 -6.441972285757632420e-04 -1.639612848875470223e-04 -4.033699031478885002e-04 -3.892718601174330675e-04 -3.009778547158888464e-04 -7.349934275086215767e-04 -4.912484178145906611e-04 -4.584051493480504735e-04 -7.208120771152878251e-04 -1.036260800120637066e-03 -5.817431525002923591e-04 -4.787439125919518840e-04 -2.920890493055418747e-03 -7.264713304563204200e-04 -4.103519250789596580e-04 -6.772056781781007591e-04 2.010474773721183245e-02 -7.917296214918595173e-04 -6.213828177817341163e-04 -1.162569114924225100e-03 -2.505062950966650977e-04 -8.419038957413808822e-04 -5.901567290743802872e-04 -3.593278708775714974e-04 -5.050042586057268716e-04 5.362381545021815271e-04 -9.909650867988110956e-04 -3.077639438090774013e-04 -2.169809720919719728e-03
